Packet Length is: 1014,pkt_num is: 500
New scheduling policy: FIFO
1, 1727279581139147
2, 1727279581140236
3, 1727279581141309
4, 1727279581142354
5, 1727279581143442
6, 1727279581144488
7, 1727279581145531
8, 1727279581146574
9, 1727279581147662
10, 1727279581148725
11, 1727279581149791
12, 1727279581150877
13, 1727279581151965
14, 1727279581153018
15, 1727279581154038
16, 1727279581155126
17, 1727279581156215
18, 1727279581157279
19, 1727279581158326
20, 1727279581159415
21, 1727279581160504
22, 1727279581161568
23, 1727279581162619
24, 1727279581163707
25, 1727279581164796
26, 1727279581165886
27, 1727279581166977
28, 1727279581168067
29, 1727279581169132
30, 1727279581170223
31, 1727279581171314
32, 1727279581172405
33, 1727279581173468
34, 1727279581174559
35, 1727279581175648
36, 1727279581176740
37, 1727279581177831
38, 1727279581178921
39, 1727279581180012
40, 1727279581181103
41, 1727279581182191
42, 1727279581183281
43, 1727279581184373
44, 1727279581185462
45, 1727279581186553
46, 1727279581187641
47, 1727279581188730
48, 1727279581189820
49, 1727279581190910
50, 1727279581192000
51, 1727279581193091
52, 1727279581194183
53, 1727279581195273
54, 1727279581196363
55, 1727279581197429
56, 1727279581198518
57, 1727279581199608
58, 1727279581200700
59, 1727279581201764
60, 1727279581202855
61, 1727279581203945
62, 1727279581205035
63, 1727279581206127
64, 1727279581207217
65, 1727279581208308
66, 1727279581209401
67, 1727279581210496
68, 1727279581211586
69, 1727279581212679
70, 1727279581213769
71, 1727279581214858
72, 1727279581215949
73, 1727279581217039
74, 1727279581218073
75, 1727279581219162
76, 1727279581220251
77, 1727279581221341
78, 1727279581222401
79, 1727279581223492
80, 1727279581224581
81, 1727279581225670
82, 1727279581226759
83, 1727279581227847
84, 1727279581228936
85, 1727279581230037
86, 1727279581231127
87, 1727279581232217
88, 1727279581233308
89, 1727279581234398
90, 1727279581235489
91, 1727279581236579
92, 1727279581237669
93, 1727279581238760
94, 1727279581239850
95, 1727279581240940
96, 1727279581242031
97, 1727279581243122
98, 1727279581244197
99, 1727279581245262
100, 1727279581246353
101, 1727279581247443
102, 1727279581248508
103, 1727279581249600
104, 1727279581250691
105, 1727279581251781
106, 1727279581252828
107, 1727279581253917
108, 1727279581254976
109, 1727279581256019
110, 1727279581257069
111, 1727279581258113
112, 1727279581259155
113, 1727279581260198
114, 1727279581261286
115, 1727279581262333
116, 1727279581263423
117, 1727279581264513
118, 1727279581265605
119, 1727279581266696
120, 1727279581267786
121, 1727279581268876
122, 1727279581269979
123, 1727279581271069
124, 1727279581272159
125, 1727279581273250
126, 1727279581274342
127, 1727279581275432
128, 1727279581276485
129, 1727279581277575
130, 1727279581278668
131, 1727279581279758
132, 1727279581280848
133, 1727279581281938
134, 1727279581283029
135, 1727279581284119
136, 1727279581285197
137, 1727279581286288
138, 1727279581287377
139, 1727279581288465
140, 1727279581289556
141, 1727279581290650
142, 1727279581291740
143, 1727279581292831
144, 1727279581293922
145, 1727279581295013
146, 1727279581296103
147, 1727279581297194
148, 1727279581298283
149, 1727279581299372
150, 1727279581300462
151, 1727279581301528
152, 1727279581302618
153, 1727279581303711
154, 1727279581304802
155, 1727279581305893
156, 1727279581306983
157, 1727279581308073
158, 1727279581309164
159, 1727279581310237
160, 1727279581311328
161, 1727279581312419
162, 1727279581313508
163, 1727279581314599
164, 1727279581315688
165, 1727279581316780
166, 1727279581317870
167, 1727279581318963
168, 1727279581320054
169, 1727279581321145
170, 1727279581322237
171, 1727279581323326
172, 1727279581324416
173, 1727279581325506
174, 1727279581326597
175, 1727279581327688
176, 1727279581328778
177, 1727279581329868
178, 1727279581330938
179, 1727279581332030
180, 1727279581333120
181, 1727279581334211
182, 1727279581335302
183, 1727279581336370
184, 1727279581337462
185, 1727279581338565
186, 1727279581339671
187, 1727279581340778
188, 1727279581341883
189, 1727279581342989
190, 1727279581344103
191, 1727279581345208
192, 1727279581346317
193, 1727279581347424
194, 1727279581348529
195, 1727279581349634
196, 1727279581350740
197, 1727279581351804
198, 1727279581352883
199, 1727279581354003
200, 1727279581355110
201, 1727279581356214
202, 1727279581357289
203, 1727279581358393
204, 1727279581359462
205, 1727279581360541
206, 1727279581361605
207, 1727279581362695
208, 1727279581363786
209, 1727279581364876
210, 1727279581365979
211, 1727279581367069
212, 1727279581368159
213, 1727279581369250
214, 1727279581370342
215, 1727279581371433
216, 1727279581372522
217, 1727279581373612
218, 1727279581374703
219, 1727279581375794
220, 1727279581376885
221, 1727279581377988
222, 1727279581379077
223, 1727279581380167
224, 1727279581381258
225, 1727279581382350
226, 1727279581383440
227, 1727279581384531
228, 1727279581385622
229, 1727279581386713
230, 1727279581387804
231, 1727279581388893
232, 1727279581389994
233, 1727279581391085
234, 1727279581392177
235, 1727279581393268
236, 1727279581394359
237, 1727279581395449
238, 1727279581396539
239, 1727279581397631
240, 1727279581398722
241, 1727279581399789
242, 1727279581400856
243, 1727279581401948
244, 1727279581403038
245, 1727279581404129
246, 1727279581405194
247, 1727279581406286
248, 1727279581407375
249, 1727279581408465
250, 1727279581409529
251, 1727279581410620
252, 1727279581411710
253, 1727279581412800
254, 1727279581413867
255, 1727279581414957
256, 1727279581416046
257, 1727279581417138
258, 1727279581418237
259, 1727279581419328
260, 1727279581420418
261, 1727279581421509
262, 1727279581422599
263, 1727279581423690
264, 1727279581424754
265, 1727279581425820
266, 1727279581426871
267, 1727279581427922
268, 1727279581428972
269, 1727279581430019
270, 1727279581431070
271, 1727279581432116
272, 1727279581433180
273, 1727279581434274
274, 1727279581435365
275, 1727279581436456
276, 1727279581437546
277, 1727279581438638
278, 1727279581439701
279, 1727279581440750
280, 1727279581441797
281, 1727279581442887
282, 1727279581443982
283, 1727279581445071
284, 1727279581446164
285, 1727279581447254
286, 1727279581448345
287, 1727279581449435
288, 1727279581450527
289, 1727279581451597
290, 1727279581452655
291, 1727279581453705
292, 1727279581454792
293, 1727279581455882
294, 1727279581456928
295, 1727279581458025
296, 1727279581459116
297, 1727279581460207
298, 1727279581461273
299, 1727279581462362
300, 1727279581463454
301, 1727279581464518
302, 1727279581465568
303, 1727279581466657
304, 1727279581467745
305, 1727279581468834
306, 1727279581469925
307, 1727279581471014
308, 1727279581472081
309, 1727279581473171
310, 1727279581474269
311, 1727279581475358
312, 1727279581476448
313, 1727279581477537
314, 1727279581478585
315, 1727279581479673
316, 1727279581480763
317, 1727279581481852
318, 1727279581482940
319, 1727279581484035
320, 1727279581485125
321, 1727279581486215
322, 1727279581487305
323, 1727279581488396
324, 1727279581489440
325, 1727279581490529
326, 1727279581491619
327, 1727279581492708
328, 1727279581493798
329, 1727279581494888
330, 1727279581495978
331, 1727279581497068
332, 1727279581498159
333, 1727279581499250
334, 1727279581500340
335, 1727279581501429
336, 1727279581502518
337, 1727279581503610
338, 1727279581504699
339, 1727279581505764
340, 1727279581506859
341, 1727279581507954
342, 1727279581509049
343, 1727279581510088
344, 1727279581511185
345, 1727279581512280
346, 1727279581513349
347, 1727279581514399
348, 1727279581515453
349, 1727279581516508
350, 1727279581517563
351, 1727279581518618
352, 1727279581519715
353, 1727279581520811
354, 1727279581521908
355, 1727279581523007
356, 1727279581524103
357, 1727279581525199
358, 1727279581526299
359, 1727279581527397
360, 1727279581528468
361, 1727279581529524
362, 1727279581530579
363, 1727279581531676
364, 1727279581532774
365, 1727279581533872
366, 1727279581534971
367, 1727279581536031
368, 1727279581537113
369, 1727279581538212
370, 1727279581539310
371, 1727279581540407
372, 1727279581541504
373, 1727279581542604
374, 1727279581543676
375, 1727279581544732
376, 1727279581545816
377, 1727279581546914
378, 1727279581548011
379, 1727279581549108
380, 1727279581550209
381, 1727279581551312
382, 1727279581552409
383, 1727279581553486
384, 1727279581554586
385, 1727279581555683
386, 1727279581556750
387, 1727279581557804
388, 1727279581558893
389, 1727279581559983
390, 1727279581561072
391, 1727279581562131
392, 1727279581563222
393, 1727279581564273
394, 1727279581565317
395, 1727279581566404
396, 1727279581567493
397, 1727279581568584
398, 1727279581569674
399, 1727279581570765
400, 1727279581571856
401, 1727279581572946
402, 1727279581574039
403, 1727279581575128
404, 1727279581576217
405, 1727279581577307
406, 1727279581578398
407, 1727279581579489
408, 1727279581580579
409, 1727279581581669
410, 1727279581582760
411, 1727279581583849
412, 1727279581584939
413, 1727279581586030
414, 1727279581587121
415, 1727279581588210
416, 1727279581589301
417, 1727279581590392
418, 1727279581591482
419, 1727279581592573
420, 1727279581593663
421, 1727279581594753
422, 1727279581595843
423, 1727279581596933
424, 1727279581598024
425, 1727279581599114
426, 1727279581600204
427, 1727279581601293
428, 1727279581602382
429, 1727279581603472
430, 1727279581604567
431, 1727279581605658
432, 1727279581606749
433, 1727279581607840
434, 1727279581608930
435, 1727279581610041
436, 1727279581611139
437, 1727279581612238
438, 1727279581613311
439, 1727279581614409
440, 1727279581615506
441, 1727279581616604
442, 1727279581617676
443, 1727279581618735
444, 1727279581619833
445, 1727279581620931
446, 1727279581622046
447, 1727279581623146
448, 1727279581624246
449, 1727279581625346
450, 1727279581626445
451, 1727279581627544
452, 1727279581628645
453, 1727279581629747
454, 1727279581630847
455, 1727279581631946
456, 1727279581633046
457, 1727279581634147
458, 1727279581635246
459, 1727279581636347
460, 1727279581637407
461, 1727279581638490
462, 1727279581639591
463, 1727279581640691
464, 1727279581641788
465, 1727279581642889
466, 1727279581643988
467, 1727279581645087
468, 1727279581646170
469, 1727279581647269
470, 1727279581648368
471, 1727279581649470
472, 1727279581650561
473, 1727279581651650
474, 1727279581652741
475, 1727279581653811
476, 1727279581654901
477, 1727279581655990
478, 1727279581657080
479, 1727279581658173
480, 1727279581659262
481, 1727279581660352
482, 1727279581661418
483, 1727279581662509
484, 1727279581663600
485, 1727279581664690
486, 1727279581665754
487, 1727279581666800
488, 1727279581667887
489, 1727279581668954
490, 1727279581670022
491, 1727279581671110
492, 1727279581672200
493, 1727279581673268
494, 1727279581674360
495, 1727279581675451
496, 1727279581676541
497, 1727279581677630
498, 1727279581678721
499, 1727279581679809
500, 1727279581680897
